kv=
[0.     0.0115 0.0231 0.0346 0.0462 0.0577 0.0693 0.0808 0.0924 0.1039
 0.1155 0.127  0.1386 0.1501 0.1617 0.1732 0.1848 0.1963 0.2078 0.2194
 0.2309 0.2425 0.254  0.2656 0.2771 0.2887 0.3002 0.3118 0.3233 0.3349
 0.3464 0.358  0.3695 0.3811 0.3926 0.4041 0.4157 0.4272 0.4388 0.4503
 0.4619 0.4734 0.485  0.4965 0.5081 0.5196 0.5312 0.5427 0.5543 0.5658
 0.5774 0.5907 0.604  0.6173 0.6307 0.644  0.6573 0.6707 0.684  0.6973
 0.7107 0.724  0.7373 0.7507 0.764  0.7773 0.7907 0.804  0.8173 0.8307
 0.844  0.8573 0.8707 0.884  0.8973 0.9107 0.924  0.9373 0.9506 0.964
 0.9773 0.9906 1.004  1.0173 1.0306 1.044  1.0573 1.0706 1.084  1.0973
 1.1106 1.124  1.1373 1.1506 1.164  1.1773 1.1906 1.204  1.2173 1.2306
 1.244  1.2573 1.2706 1.2839 1.2973 1.3106 1.3239 1.3373 1.3506 1.3639
 1.3773 1.3906 1.4039 1.4173 1.4306 1.4439 1.4573 1.4706 1.4839 1.4973
 1.5106 1.5239 1.5373 1.5506 1.5639 1.5773 1.5906 1.6039 1.6172 1.6306
 1.6439 1.6572 1.6706 1.6839 1.6972 1.7106 1.7239 1.7372 1.7506 1.7639
 1.7772 1.7906 1.8039 1.8172 1.8306 1.8439 1.8572 1.8706 1.8839 1.8972
 1.9106 1.9169 1.9232 1.9295 1.9359 1.9422 1.9485 1.9549 1.9612 1.9675
 1.9738 1.9802 1.9865 1.9928 1.9992 2.0055 2.0118 2.0181 2.0245 2.0308
 2.0371 2.0435 2.0498 2.0561 2.0624 2.0688 2.0751 2.0814 2.0878 2.0941
 2.1004 2.1067 2.1131 2.1194 2.1257 2.1321 2.1384 2.1447 2.1511 2.1574
 2.1637 2.17   2.1764 2.1827 2.189  2.1954 2.2017 2.208  2.2143 2.2207
 2.227  2.2385 2.2501 2.2616 2.2732 2.2847 2.2963 2.3078 2.3194 2.3309
 2.3425 2.354  2.3656 2.3771 2.3887 2.4002 2.4118 2.4233 2.4348 2.4464
 2.4579 2.4695 2.481  2.4926 2.5041 2.5157 2.5272 2.5388 2.5503 2.5619
 2.5734 2.585  2.5965 2.6081 2.6196 2.6311 2.6427 2.6542 2.6658 2.6773
 2.6889 2.7004 2.712  2.7235 2.7351 2.7466 2.7582 2.7697 2.7813 2.7928
 2.8044 2.811  2.8177 2.8243 2.831  2.8377 2.8443 2.851  2.8577 2.8643
 2.871  2.8777 2.8843 2.891  2.8977 2.9043 2.911  2.9177 2.9243 2.931
 2.9377 2.9443 2.951  2.9577 2.9643 2.971  2.9777 2.9843 2.991  2.9977
 3.0043 3.011  3.0177 3.0243 3.031  3.0377 3.0443 3.051  3.0577 3.0643
 3.071  3.0777 3.0843 3.091  3.0977 3.1043 3.111  3.1177 3.1243 3.131
 3.1377 3.151  3.1643 3.1776 3.191  3.2043 3.2176 3.231  3.2443 3.2576
 3.271  3.2843 3.2976 3.311  3.3243 3.3376 3.351  3.3643 3.3776 3.391
 3.4043 3.4176 3.431  3.4443 3.4576 3.471  3.4843 3.4976 3.5109 3.5243
 3.5376 3.5509 3.5643 3.5776 3.5909 3.6043 3.6176 3.6309 3.6443 3.6576
 3.6709 3.6843 3.6976 3.7109 3.7243 3.7376 3.7509 3.7643 3.7776 3.7909
 3.8043]
Ekv=
[-0.6213 -0.6207 -0.6189 -0.616  -0.6118 -0.6065 -0.6002 -0.5926 -0.584
 -0.5743 -0.5635 -0.5518 -0.5391 -0.5255 -0.5111 -0.4958 -0.4798 -0.4631
 -0.4458 -0.4279 -0.4097 -0.3911 -0.3722 -0.3533 -0.3343 -0.3153 -0.2967
 -0.2784 -0.2606 -0.2434 -0.227  -0.1937 -0.1521 -0.1135 -0.078  -0.0454
 -0.016   0.0105  0.0338  0.0541  0.0714  0.0854  0.0963  0.104   0.1084
  0.1096  0.1081  0.1047  0.0999 -0.0079 -0.1025  0.01    0.1023  0.1072
  0.1105  0.1106  0.1065  0.0978  0.0846  0.0671  0.0455  0.0198 -0.0097
 -0.0429 -0.0798 -0.1202 -0.1641 -0.2114 -0.262  -0.3157 -0.3724 -0.4318
 -0.4939 -0.5582 -0.6247 -0.693  -0.7628 -0.8338 -0.9057 -0.9783 -1.0515
 -1.1249 -1.1986 -1.2722 -1.3452 -1.4178 -1.4899 -1.561  -1.6314 -1.7007
 -1.7689 -1.836  -1.9018 -1.966  -2.0289 -2.0899 -2.148  -2.188  -2.2096
 -2.2225 -2.227  -2.2225 -2.2096 -2.188  -2.148  -2.0899 -2.0289 -1.966
 -1.9018 -1.836  -1.7689 -1.7007 -1.6314 -1.561  -1.4899 -1.4178 -1.3452
 -1.2722 -1.1986 -1.1249 -1.0515 -0.9783 -0.9057 -0.8338 -0.7628 -0.693
 -0.6247 -0.5582 -0.4939 -0.4318 -0.3724 -0.3157 -0.262  -0.2114 -0.1641
 -0.1202 -0.0798 -0.0429 -0.0097  0.0198  0.0455  0.0671  0.0846  0.0978
  0.1065  0.1106  0.1105  0.1072  0.1023  0.01   -0.1025 -0.1185 -0.1542
 -0.155  -0.1562 -0.1578 -0.1597 -0.162  -0.1645 -0.1675 -0.1708 -0.1745
 -0.1785 -0.1828 -0.1874 -0.1924 -0.1977 -0.2033 -0.2092 -0.2154 -0.2219
 -0.2287 -0.2358 -0.2432 -0.2508 -0.2587 -0.2669 -0.2753 -0.284  -0.2929
 -0.302  -0.3112 -0.3207 -0.3304 -0.3403 -0.3504 -0.3605 -0.3709 -0.3813
 -0.3918 -0.4024 -0.4132 -0.4239 -0.4346 -0.4454 -0.456  -0.4665 -0.4766
 -0.4859 -0.4934 -0.4966 -0.4967 -0.4973 -0.4995 -0.5037 -0.5103 -0.5193
 -0.5307 -0.5444 -0.5602 -0.578  -0.5977 -0.619  -0.6418 -0.6658 -0.6909
 -0.7169 -0.7436 -0.7709 -0.7987 -0.8266 -0.8547 -0.8827 -0.9106 -0.9383
 -0.9657 -0.9926 -1.0191 -1.0448 -1.0699 -1.0943 -1.1178 -1.1404 -1.1619
 -1.1826 -1.2021 -1.2206 -1.238  -1.2542 -1.2695 -1.2833 -1.2957 -1.3071
 -1.3171 -1.3233 -1.3152 -1.3088 -1.3037 -1.3002 -1.298  -1.2973 -1.2845
 -1.2612 -1.2366 -1.2127 -1.1898 -1.1681 -1.1475 -1.1279 -1.1093 -1.0918
 -1.0753 -1.0595 -1.0444 -1.0301 -1.0163 -1.0032 -0.9905 -0.9784 -0.9666
 -0.9553 -0.9443 -0.9337 -0.9233 -0.9133 -0.9036 -0.8942 -0.8849 -0.876
 -0.8674 -0.859  -0.851  -0.8432 -0.8359 -0.8288 -0.8222 -0.816  -0.8102
 -0.8048 -0.8    -0.7957 -0.7919 -0.7888 -0.7862 -0.7843 -0.7832 -0.7827
 -0.783  -0.7841 -0.786  -0.7888 -0.7839 -0.7822 -0.7837 -0.7887 -0.7973
 -0.8094 -0.825  -0.8441 -0.8665 -0.8918 -0.9197 -0.95   -0.9822 -1.0158
 -1.0506 -1.0858 -1.1211 -1.1561 -1.1902 -1.2231 -1.2536 -1.2814 -1.306
 -1.326  -1.3409 -1.3467 -1.3127 -1.2706 -1.2227 -1.171  -1.1175 -1.0635
 -1.0101 -0.9579 -0.9075 -0.8593 -0.8137 -0.771  -0.7313 -0.695  -0.6619
 -0.6301 -0.5964 -0.5676 -0.5435 -0.5243 -0.5101 -0.501  -0.4971 -0.4966]
kc=
[0.     0.0115 0.0231 0.0346 0.0462 0.0577 0.0693 0.0808 0.0924 0.1039
 0.1155 0.127  0.1386 0.1501 0.1617 0.1732 0.1848 0.1963 0.2078 0.2194
 0.2309 0.2425 0.254  0.2656 0.2771 0.2887 0.3002 0.3118 0.3233 0.3349
 0.3464 0.358  0.3695 0.3811 0.3926 0.4041 0.4157 0.4272 0.4388 0.4503
 0.4619 0.4734 0.485  0.4965 0.5081 0.5196 0.5312 0.5427 0.5543 0.5658
 0.5774 0.5907 0.604  0.6173 0.6307 0.644  0.6573 0.6707 0.684  0.6973
 0.7107 0.724  0.7373 0.7507 0.764  0.7773 0.7907 0.804  0.8173 0.8307
 0.844  0.8573 0.8707 0.884  0.8973 0.9107 0.924  0.9373 0.9506 0.964
 0.9773 0.9906 1.004  1.0173 1.0306 1.044  1.0573 1.0706 1.084  1.0973
 1.1106 1.124  1.1373 1.1506 1.164  1.1773 1.1906 1.204  1.2173 1.2306
 1.244  1.2573 1.2706 1.2839 1.2973 1.3106 1.3239 1.3373 1.3506 1.3639
 1.3773 1.3906 1.4039 1.4173 1.4306 1.4439 1.4573 1.4706 1.4839 1.4973
 1.5106 1.5239 1.5373 1.5506 1.5639 1.5773 1.5906 1.6039 1.6172 1.6306
 1.6439 1.6572 1.6706 1.6839 1.6972 1.7106 1.7239 1.7372 1.7506 1.7639
 1.7772 1.7906 1.8039 1.8172 1.8306 1.8439 1.8572 1.8706 1.8839 1.8972
 1.9106 1.9169 1.9232 1.9295 1.9359 1.9422 1.9485 1.9549 1.9612 1.9675
 1.9738 1.9802 1.9865 1.9928 1.9992 2.0055 2.0118 2.0181 2.0245 2.0308
 2.0371 2.0435 2.0498 2.0561 2.0624 2.0688 2.0751 2.0814 2.0878 2.0941
 2.1004 2.1067 2.1131 2.1194 2.1257 2.1321 2.1384 2.1447 2.1511 2.1574
 2.1637 2.17   2.1764 2.1827 2.189  2.1954 2.2017 2.208  2.2143 2.2207
 2.227  2.2385 2.2501 2.2616 2.2732 2.2847 2.2963 2.3078 2.3194 2.3309
 2.3425 2.354  2.3656 2.3771 2.3887 2.4002 2.4118 2.4233 2.4348 2.4464
 2.4579 2.4695 2.481  2.4926 2.5041 2.5157 2.5272 2.5388 2.5503 2.5619
 2.5734 2.585  2.5965 2.6081 2.6196 2.6311 2.6427 2.6542 2.6658 2.6773
 2.6889 2.7004 2.712  2.7235 2.7351 2.7466 2.7582 2.7697 2.7813 2.7928
 2.8044 2.811  2.8177 2.8243 2.831  2.8377 2.8443 2.851  2.8577 2.8643
 2.871  2.8777 2.8843 2.891  2.8977 2.9043 2.911  2.9177 2.9243 2.931
 2.9377 2.9443 2.951  2.9577 2.9643 2.971  2.9777 2.9843 2.991  2.9977
 3.0043 3.011  3.0177 3.0243 3.031  3.0377 3.0443 3.051  3.0577 3.0643
 3.071  3.0777 3.0843 3.091  3.0977 3.1043 3.111  3.1177 3.1243 3.131
 3.1377 3.151  3.1643 3.1776 3.191  3.2043 3.2176 3.231  3.2443 3.2576
 3.271  3.2843 3.2976 3.311  3.3243 3.3376 3.351  3.3643 3.3776 3.391
 3.4043 3.4176 3.431  3.4443 3.4576 3.471  3.4843 3.4976 3.5109 3.5243
 3.5376 3.5509 3.5643 3.5776 3.5909 3.6043 3.6176 3.6309 3.6443 3.6576
 3.6709 3.6843 3.6976 3.7109 3.7243 3.7376 3.7509 3.7643 3.7776 3.7909
 3.8043]
Ekc=
[0.3766 0.3777 0.3812 0.3869 0.3944 0.4046 0.4167 0.4315 0.4485 0.4679
 0.49   0.5137 0.5403 0.5682 0.599  0.6323 0.6682 0.7064 0.7468 0.7906
 0.8359 0.8841 0.9348 0.9874 1.0419 1.0992 1.1578 1.2177 1.2788 1.3402
 1.4014 1.4605 1.5154 1.5407 1.4823 1.4129 1.337  1.2561 1.1696 1.0789
 0.9843 0.8857 0.7836 0.6778 0.5691 0.4571 0.3426 0.2267 0.1101 0.0974
 0.0961 0.0978 0.146  0.2811 0.416  0.5492 0.6806 0.8095 0.9355 1.0584
 1.1785 1.2939 1.4051 1.5117 1.6128 1.7076 1.7921 1.8612 1.9037 1.913
 1.8952 1.8621 1.8194 1.7701 1.7148 1.6549 1.5912 1.5248 1.456  1.3859
 1.3148 1.2434 1.1723 1.1016 1.033  0.9661 0.9009 0.8386 0.7785 0.7214
 0.6682 0.618  0.5717 0.53   0.4924 0.4602 0.4323 0.4108 0.3945 0.3848
 0.3819 0.3848 0.3945 0.4108 0.4323 0.4602 0.4924 0.53   0.5717 0.618
 0.6682 0.7214 0.7785 0.8386 0.9009 0.9661 1.033  1.1016 1.1723 1.2434
 1.3148 1.3859 1.456  1.5248 1.5912 1.6549 1.7148 1.7701 1.8194 1.8621
 1.8952 1.913  1.9037 1.8612 1.7921 1.7076 1.6128 1.5117 1.4051 1.2939
 1.1785 1.0584 0.9355 0.8095 0.6806 0.5492 0.416  0.2811 0.146  0.0978
 0.0961 0.111  0.1466 0.191  0.2386 0.2861 0.3337 0.3796 0.4243 0.4657
 0.5057 0.5432 0.5783 0.6106 0.6407 0.6685 0.6933 0.7169 0.739  0.7602
 0.7804 0.7989 0.8166 0.8338 0.8504 0.8672 0.8831 0.8989 0.9147 0.9303
 0.945  0.9611 0.9765 0.9918 1.0071 1.0215 1.0365 1.0514 1.0659 1.08
 1.0938 1.1065 1.1196 1.1316 1.1426 1.1527 1.1612 1.1686 1.1737 1.1769
 1.1779 1.1863 1.2105 1.2495 1.302  1.3635 1.4318 1.5036 1.5745 1.6378
 1.6799 1.6851 1.6579 1.6114 1.5547 1.4925 1.429  1.3648 1.301  1.2378
 1.1764 1.1153 1.0575 1.0015 0.9474 0.8946 0.8448 0.7975 0.7531 0.7115
 0.6719 0.6354 0.6023 0.5725 0.5446 0.5205 0.4992 0.4812 0.4662 0.4539
 0.4456 0.4404 0.4371 0.436  0.4369 0.44   0.4428 0.4463 0.4493 0.4512
 0.4512 0.4535 0.4584 0.4664 0.4774 0.4915 0.5085 0.5283 0.5512 0.5765
 0.604  0.6332 0.6646 0.6976 0.7324 0.7685 0.805  0.8427 0.8804 0.9189
 0.9571 0.995  1.0327 1.071  1.1077 1.1434 1.1783 1.2123 1.2453 1.277
 1.3089 1.3379 1.3655 1.3915 1.4161 1.4392 1.4608 1.4806 1.4991 1.5153
 1.53   1.5429 1.5481 1.553  1.557  1.5608 1.5645 1.5677 1.5709 1.5737
 1.5767 1.5685 1.5569 1.5437 1.5292 1.5157 1.504  1.4943 1.4876 1.4833
 1.4825 1.4843 1.4883 1.4946 1.5026 1.5117 1.5218 1.5324 1.5424 1.5521
 1.5605 1.5689 1.5767 1.5837 1.5906 1.5968 1.6032 1.6109 1.619  1.6288
 1.6409 1.6554 1.6724 1.6925 1.7156 1.7416 1.7693 1.7967 1.817  1.8217
 1.7985 1.7455 1.6713 1.5876 1.501  1.4168 1.3393 1.2726 1.2209 1.1889
 1.1779]
